00003.png;1282;395;1595;590;1;0.7485;virinAAI55l2j+n3j+BenaVente1n2+madr1d45n
00004.png;1327;471;1631;616;1;0.5720;llIl+AbnNidusjw+1KjintlduuinIil
00005.png;1122;455;1420;540;1;0.5886;m5o+I5oumiBa
00005.png;1126;506;1414;641;1;0.5576;N5z5+AbnvideslW+xinzodnLirmia
00005.png;1144;460;1255;513;1;0.4726;5oDm+I
00006.png;596;23;964;371;1;0.7746;Wint+MV+v+adrlhl+Iiul+lIB
00007.png;1273;357;1617;576;1;0.6575;veriIAAi5522l+n27+Benavente187+Nadrid454
00008.png;1214;492;1434;614;1;0.5388;ITrjuiW+wlldlrjli+I
00008.png;1228;452;1325;500;1;0.4799;abom
00009.png;1256;415;1532;593;1;0.8366;I+IAzo+vmrin5ijj+Benavente1BQ+Nadrid447
00010.png;1174;511;1449;635;1;0.5652;AibaruiiosI+cueiedrm
00010.png;1193;467;1314;519;1;0.4764;sQom
00011.png;702;561;787;598;1;0.5303;iiIiuI
00011.png;1168;425;1526;633;1;0.5218;WwonterreIl+Vermn+MlIuzal
00011.png;1200;367;1368;448;1;0.4682;1OO0m
00011.png;1174;373;1537;498;1;0.4601;jOO0mltil8a+m0
00012.png;1081;409;1553;640;1;0.5387;nilmi+IAAsmWWWI+AutmwlulW+dmjWfunBulIui+ii
00012.png;1097;314;1562;469;1;0.5082;hMlmlIimEunumIjlnwm+jWlilwlummmliImi
00013.png;726;169;1009;394;1;0.7233;5mnuvunfi+Madrid+tkA+tH
00014.png;799;140;1145;346;1;0.5444;qd+ItrhavPjlmj
00015.png;617;187;891;413;1;0.7675;j
00016.png;846;169;971;219;1;0.6264;5oom
00016.png;835;214;1109;374;1;0.6043;5z+llandln+Fuces+dujlhuiit
00016.png;963;168;1095;217;1;0.5726;1o
00017.png;576;175;848;404;1;0.6879;Im1mnII+CheveslW+jI
00018.png;1242;368;1434;448;1;0.5107;i00Om
00018.png;1214;437;1651;593;1;0.5011;Nt035WWI+VVdeRalaR
00018.png;1418;381;1636;462;1;0.4670;jKf2z
00021.png;1478;291;1723;373;1;0.5592;jWW479
00021.png;1262;353;1741;574;1;0.5546;N+jll+CaStr0verde+COrg0j+jWlIjjii
00021.png;1291;283;1495;364;1;0.5123;j000m
00022.png;1389;312;1544;387;1;0.5496;5o0m
00022.png;1358;369;1750;576;1;0.5017;N+castroVerde+In1Mlnjtnj+Corgo
00023.png;705;62;1050;321;1;0.4594;lAll66+ljmnlbrrada+N4adrId+tt
00024.png;1342;249;1766;512;1;0.7449;nAAt66W+Becerret2u+Ponferrada9B+Madrid478
00026.png;1072;364;1440;588;1;0.5365;1mWWnjuWWl+BmialIa+Snbrhdo
00026.png;1081;297;1445;426;1;0.5187;IiWi+riIjnnjltijIi+iI+iIi
00027.png;555;89;868;319;1;0.6985;AIi+IPunimrrmwa+iiii+IMadri4I+lVIil
00028.png;1179;308;1651;588;1;0.5055;46lw+LU7jOl+wW+NuejradeWeij+1jKw+BmImIraI
00028.png;1191;251;1663;403;1;0.4740;1OOomj46lm+LUWMl+f1lIm
00029.png;1066;283;1488;638;1;0.6028;incjKr+NVi7+BeeK+Certjlal
00030.png;1244;254;1568;520;1;0.7789;3jrni+Nvii+I5lerr+rffiiai
00030.png;1265;273;1394;335;1;0.4726;lW+lIlIi+i5oom1
00033.png;612;92;841;360;1;0.7463;A6I+Ponrerrada+Benavante+lMadrid+IWMI
00034.png;1355;329;1861;564;1;0.4740;NvlzW+IiIi+j+j4sNQqBjsi+itiWlwlihli
00035.png;1352;383;1697;599;1;0.4809;vIi4jW+iN+Doncos+NacedI
00036.png;492;92;765;370;1;0.7197;u
00037.png;1249;362;1545;562;1;0.7116;A6+pjwimrruaaR+umliImI1u+NladrId43a
00038.png;1278;368;1782;587;1;0.5138;Pedrafltm+docebrejrOMW
00038.png;1313;281;1527;391;1;0.4722;li+50Om
00039.png;758;61;1030;207;1;0.4936;TuNELDE+LAEscRIT4
00039.png;748;167;1016;298;1;0.4671;ee
00040.png;1307;362;1682;552;1;0.5712;L154m+mm
00040.png;1310;211;1684;387;1;0.5533;TUNELDE+LAEscRjTA
00041.png;628;45;949;335;1;0.7405;AAlI66+Ponferrada+BenaVente+MadrId+MHMk
00042.png;1085;255;1503;563;1;0.5184;IvlO7+N+VilIafrancai+daIBisz0+4i+jIl+C0ruIfon+Cacabelos
00042.png;1136;207;1299;292;1;0.4712;s0Om
00043.png;685;51;973;330;1;0.7621;A6i+Ponferrada+Benavente+iMadrid+ilIk
00044.png;1216;204;1854;543;1;0.5077;N120j+Toraldiovd+0Barcodvd+0urenSe+n
00044.png;1264;149;1479;233;1;0.4908;5O0m
00045.png;604;31;907;369;1;0.6546;Ponrada+pnfnt+jI5+nlI+jliixjt+Awadriu
00046.png;1296;209;1696;519;1;0.6890;j00DmjWm3nn+LE52o1+carracedeLQi+GarracedoiM+Ij+duihtQnaiterioi+l
00046.png;1317;231;1505;317;1;0.5509;100Dm
00046.png;1476;234;1677;320;1;0.5060;jKm39n
00047.png;1362;329;1690;524;1;0.6213;lAAl88+Ponferruda10+Madrtd3m8
00048.png;997;441;1249;587;1;0.5553;clnmpmnurIym+ix+cucIbmiWl+IMtiI
00048.png;1001;411;1254;487;1;0.5374;juQmji4i+clmn
00048.png;1019;411;1112;454;1;0.4550;jQQm
00049.png;440;35;882;390;1;0.6151;j4st0rqa+jIuAA+l4adr1d+6jv+N120Ledm
00050.png;937;470;1269;723;1;0.5110;37a+sanMigueI+diusnnu+Ainmazcara+congosto+il
00050.png;974;434;1109;496;1;0.4898;izoom
00051.png;1168;555;1421;720;1;0.7723;IA6+Astorga49+Madrid376
00052.png;606;114;1124;379;1;0.5622;NNmuee+Bemblbre1m+T0remO
00052.png;628;26;873;135;1;0.5515;5o0m
00053.png;1072;500;1431;702;1;0.5819;Folqoso+duiaRibmra+llibaresdliuBibtrI
00053.png;1104;443;1263;519;1;0.4787;l500m
00054.png;1076;533;1336;601;1;0.5680;iiDoomjsf
00054.png;1084;574;1335;684;1;0.5400;iNMulaa+nTorrudmiaimiiQn+5iIlI
00055.png;1435;455;1650;618;1;0.5945;5+IsIiQrqaji+i4+tfadrid347
00055.png;1425;583;1646;706;1;0.5333;N1joi+Lamn88
00056.png;1246;562;1682;738;1;0.5680;lWNMu88+oQmmbmrloSlW
00056.png;1236;476;1692;620;1;0.5365;5O0mji33Q+w
00057.png;725;339;1025;503;1;0.5377;i+Nsi+ii+4storgaMl
00057.png;751;294;880;355;1;0.4538;5o0m
00058.png;529;187;868;456;1;0.8067;Asforna+Nj2OjLe0n+lMA+8jM+1Wadrld+i
00059.png;1092;436;1499;720;1;0.5464;3j5+iLLEEjw25+Ast0rmaIWi+vaiasL+ltworulejltj
00059.png;1131;380;1298;465;1;0.4645;10O0m
00060.png;718;207;1139;447;1;0.5172;5+LE54jsi+Lj+IaIj+4stormajM+jrmiasbi
00060.png;760;158;912;231;1;0.4604;5O0m
00061.png;409;131;818;434;1;0.7913;wmiAP7jj+Ledn+OVmedo+IIjk
00061.png;1144;675;1200;732;1;0.6974;lljl+ji+i5
00061.png;1146;679;1199;694;1;0.5865;
00061.png;52;645;112;685;1;0.5728;sm+ts
00061.png;52;632;113;648;1;0.5110;Ilii
00062.png;565;138;809;425;1;0.8332;A66+Benavente+NWadrId+Burg0S+jtr
00062.png;793;320;832;360;1;0.6014;
00062.png;818;219;1022;421;1;0.5988;LE3O+LeOn+MM
00062.png;813;155;1026;237;1;0.5880;144
00063.png;782;88;1024;446;1;0.7409;LE30+LeQm+MI
00063.png;1103;692;1166;716;1;0.6158;irit
00063.png;1004;173;1328;447;1;0.4992;Nul0LeDnlm+AP8awl+oanmpormunes+0VledQ+m
00063.png;1004;115;1335;201;1;0.4632;jWrjA
00064.png;594;138;975;452;1;0.6930;LE30+Lebn+N630N601+MMtl
00065.png;483;158;887;449;1;0.7186;LE30+Le0n+NNu63c0DiN6011+jIjM
00066.png;731;123;1351;432;1;0.5198;B4+AvdadeImntlbj0ticoSt+lV630emavemte+N4adrld
00066.png;789;53;1040;165;1;0.4663;10O0m
00067.png;1326;599;1411;690;1;0.6210;
00067.png;172;523;279;623;1;0.6133;
00067.png;478;73;935;441;1;0.5942;LE3OO+mWLedm+N601ValladoIId+NG30OvIedo+NWNW
00067.png;894;208;1342;487;1;0.5000;M4+AwmduI4ntlbidflcos+N630Benavuntt+l4adrId
00067.png;941;160;1105;237;1;0.4877;40Om
00068.png;454;109;905;447;1;0.6773;LE30+Leon+N6O1ValIadoild+N63O0Vled0+jMMH
00069.png;728;374;925;563;1;0.7690;ilWdIsui+D+Wbdu+tiiiijji1tI+u3+Diti+vuiiudbiiq
00069.png;916;434;1112;486;1;0.7010;LEiiBlnlvmnll+Burg0s
00070.png;561;108;926;455;1;0.7898;RondaSurj+3+66+0vdo+iitMlIloijidjlIr+tkINM0j+VanjadnI
00070.png;911;224;1276;318;1;0.7249;LE11BemaVente+BurgQs
00070.png;1775;483;1895;641;1;0.5402;nD0+imi
00070.png;1789;610;1904;686;1;0.4653;
00071.png;1241;66;1635;261;1;0.5567;tN+iI
00071.png;1237;205;1646;551;1;0.5383;ju+LMqo+immdlIfu+mwImdolW
00074.png;1182;365;1604;541;1;0.5758;634+vIlambazw
00074.png;1201;296;1397;376;1;0.5313;jO00m
00074.png;1378;304;1583;381;1;0.5019;583
00076.png;1166;309;1578;553;1;0.4518;KwmmjKiW+Rlbemue7z+OIledu2l2+suWsebnaiiun56a
00083.png;1442;323;1765;493;1;0.5680;E70A8+Abadin5+0vledo191
00085.png;1236;331;1668;528;1;0.5421;Aedo+iWAllmlt+iov+1
00085.png;1345;280;1642;357;1;0.4565;jKl5se
00085.png;1255;305;1366;369;1;0.4547;jIm
00086.png;1209;333;1645;540;1;0.5378;M634+WwoWdWnedQ+LoMrenZt
00086.png;1237;268;1427;342;1;0.4841;lQOOm
00087.png;1313;368;1433;512;1;0.7588;1li
00087.png;863;165;1146;246;1;0.5975;soomwjji
00087.png;860;204;1139;386;1;0.5524;u+l4oadomtIm+hmIlMuj+Lourmnzn
00087.png;886;165;998;217;1;0.4714;soom
00088.png;641;132;928;391;1;0.7675;m7Wlj+ujhiimt+0vnudo+wt
00089.png;1342;360;1653;508;1;0.7522;filmmAAlee+ulmlteeze+ollewm164
00090.png;1446;220;1841;534;1;0.5626;aurrtirmj+Wm+rWt+SunCibreW+vlWmlro
00090.png;1468;180;1656;241;1;0.4737;jopQm
00091.png;835;60;1128;370;1;0.6235;l+Im
00091.png;851;99;955;160;1;0.5741;soam
00091.png;941;84;1097;137;1;0.4520;lju
00092.png;711;56;943;405;1;0.7069;Kmjml+Wibuuee+Dwiunu+ll
00093.png;760;221;1097;377;1;0.5106;miuAP9+ACorululh+montmvedrn
00094.png;812;211;1053;293;1;0.5431;IiIi+uI
00094.png;1196;110;1393;168;1;0.5311;jlizA
00094.png;1198;151;1401;328;1;0.5268;lIulujPei+eAcWruhu+Pnmtujmdru+s
00095.png;1366;277;1603;359;1;0.5678;10Oom
00095.png;1581;276;1835;358;1;0.5381;lnmmj
00095.png;1353;345;1876;569;1;0.5159;SamNIarCoSljl+MWN+iIftIii
00096.png;1410;236;1522;287;1;0.5124;5oom
00096.png;1514;226;1657;279;1;0.4980;lKr91
00096.png;1387;218;1698;381;1;0.4974;5oonpm1j+rli+iw+snnhtnrcon+jlr+1rmmntudQeotoIsI
00097.png;759;96;1111;365;1;0.5914;viiulbu+A54OVledo+LugQ+MMIW
00098.png;1193;410;1532;528;1;0.5095;5O0mj88
00098.png;1219;414;1367;482;1;0.5074;500m
00098.png;1199;480;1522;571;1;0.4972;SIQnltmlW
00099.png;1143;363;1442;579;1;0.5694;joDomjkimj+jIlczjiiIiwopirii+jinulirmiju+ii+iHnuullzllNuuImi+ncqImmIi
00099.png;1171;382;1280;427;1;0.4774;ioDom
00100.png;887;146;1245;366;1;0.5333;rsciilueropQrto+siWuiiro+liziLiillzj5o+AcHruhe
00100.png;1020;107;1234;165;1;0.5248;jaa
00101.png;611;69;896;369;1;0.7197;4lju4+oPedrouIo+Oviedo+Lugo+MIMH
